18 2 24 7 6
4 9 22 9 23
1 9 28 6 3
7 12 4 32 33
15 16 21 25 6
35 8 18 15 8
35 9 25 10 15
5 17 4 6 12
23 6 2 1 6
12 8 13 11 16
3 11 4 21 2
37 3 7 19 7
10 13 15 9 2
7 10 32 6 35
11 26 9 17 5
4 15 20 19 39
20 3 4 13 26
7 17 26 5 22
7 31 17 31 30
15 19 7 34 12
25 9 7 28 26
23 20 18 6 0
2 3 0 7 5
0 19 0 0 7
0 17 5 15 1
17 7 13 10 15
38 18 7 44 2
47 16 5 15 13
4 7 9 10 5
4 6 30 1 9
8 6 37 19 15
29 10 9 25 6
14 19 9 6 13
22 10 27 3 0
13 15 34 6 12
16 10 29 44 2
52 2 5 6 14
2 6 12 2 3
13 3 21 8 28
9 21 1 25 1
11 5 18 1 0
27 2 3 8 18
8 18 21 10 15
8 25 4 9 13
3 1 23 27 1
10 2 6 2 8
8 22 0 5 39
4 15 5 2 4
23 5 11 5 11
29 4 6 7 7
26 9 9 17 18
41 11 16 19 19
26 5 30 50 7
18 28 45 13 9
22 11 19 42 8
29 4 37 3 11
23 25 7 4 22
8 5 13 17 14
8 6 12 1 5
14 5 12 41 0
25 3 17 8 16
6 14 10 20 21
2 6 5 25 3
27 6 8 3 11
9 13 8 6 33
18 6 10
