14 3 25 15 3
7 11 21 4 27
2 7 21 4 7
8 18 5 25 26
11 12 12 10 6
23 6 0 12 7
26 9 13 15 4
9 4 15 4 8
23 12 4 1 3
2 9 7 7 14
0 0 3 20 7
8 3 2 18 0
2 17 16 14 0
8 15 21 7 29
6 17 14 6 7
1 8 11 14 41
17 10 6 24 22
3 24 7 13 26
9 12 14 9 6
0 27 15 31 25
34 28 25 22 11
27 24 19 6 5
5 0 2 6 14
0 18 1 0 8
3.16 9 8 16 6
22 1 18 20 12
42 20 9 53 8
25 7 5 15 9
5 12 11 14 19
9 NA 22 4 7
7 14 16 15 14
20 2 5 44 13
23 8 8 10 7
23 13 8 1 0
25 18 31 27 11
20 10 30 33 3
13 2 2 1 15
0 5 4 3 14
13 0 7 17 25
8 17 3 22 2
8 2 18 6 3
15 4 0 3 13
10 9 1 9 21
0 27 6 12 6
1 2 18 18 3
10 0 5 11 18
7 23 12 3 21
15 12 7 11 2
16 7 NA 2 3
23 11 0 1 5
20 9 1 11 11
23 22 10 38 13
37 23 24 13 26
20 22 17 22 10
22 8 22 42 8
32 9 32 6 8
12 13 0 7 20
17 2 2 8 16
16 12 12 4 12
9 1 3 5 0
11 4 3 5 19
2 17 9 7 13
4 14 7 12 6
39 14 33 18 22
4 12 23 4 0
11 13 0
