 8   7   2   5  11  26   2   0 -10   6 -28   3 -14   2 -27   1  12   0
  17  68  14 -16  10  10  30 -27 -35   6  -1  22   2   1   0 -11  -5 -36
   10   4   7  15  -6  10  -8  -4   6  -2  -2  -1  10  34  39   4  15  -4
   -7   1  -8  -4  -7  -3 -12   0 -17  -1 -17   7 -16  -1  15  20   1  -9
    1  -3 -14   0   2   1   7   2 -17 -25  -7 -16   3  -1  -2   9  11   0
  13   8 -20   0  -3  10  -1  -4  -9  -7   9  -7   9 -43  10 -17 -10 -18
  11 -11 -22   0  11  11  10   6  -5   8  71 -11  -9  -1  12   0  -6  -1
 -21  11   5  -3  24 -11 -36  -1   4  18  -8  -8   1  -1   3   0   6   3
 -5   8   0  -4  -7  11   0  16  -1  -3 -11 -16 -14 -12   6  -5  21 -16
 -11   6 -10   3  13  -5  13   5  -1  -1  -8   5  -9  18 -19

