-23 -11 -7 -13 4 -32 -20 -18 1
7 -32 -14 -18 6 10 -4 -15 -7
-21 -10 10 -20 -15 -10 -11 -10 -5
0 -13 -14 -6 9 -19 -10 -19 -11
5 -6 -17 -6 -15 6 -8 -17 -8
-16 2 -6 -14 -22 -11 -23 -6 -5
-12 -12 0 0 -3 -14 -34 -8 -19
-30 -17 -17 -1 -30 -31 -17 -16 -5
8 -23 -12 9 -33 4 -18 -34 -2
-28 -10 -8 -20 -8 19 -12 -11 0
-19 -12 -10 -20 -11 -2 -17 -24 -18
-18 -13 25 4 -13 -1 -7 -2 
-22 -25 -19 -8 -17 -10 -27 -1
-6 -19 4 -16 -29 4 -8 -16
-16 1 -7 -31 -9 0 -4 -16
-5 -6 -14 -3 0 31 -10 -23
-14 -24 -11 -2 20 -5 -21 -1
-2 -3 -21 -5 -10 -12 0 -5
10 -26 -9 -10 16 -15 -26 1
-18 -19 -16 10 0 4 -9 -4