     2.00      .00     2.00     1.00
     1.00      .00     4.00      .00
     1.00    32.00    15.00    25.00
     2.00      .00      .00      .00
     2.00      .00     7.00     3.00
     2.00      .00      .00      .00
     2.00      .00     4.00     3.00
     1.00     9.00    26.00    10.00
     2.00      .00     2.00      .00
     2.00      .00     9.00    15.00
     1.00      .00     4.00    11.00
     2.00      .00      .00      .00
     2.00     1.00     1.00     6.00
     2.00     8.00    14.00    10.00
     1.00     2.00     2.00     2.00
     1.00      .00      .00      .00
     2.00      .00      .00     1.00
     1.00    41.00    17.00    17.00
     1.00      .00      .00      .00
     2.00     3.00      .00     1.00
     2.00      .00      .00      .00
     1.00      .00    12.00     3.00
     1.00      .00     4.00     6.00
     2.00      .00      .00     2.00
     1.00     6.00    20.00    16.00
     2.00    32.00    15.00    24.00
     1.00    18.00     1.00     9.00
     1.00     3.00     3.00     1.00
     2.00    12.00    14.00    42.00
     1.00     3.00     7.00     4.00
     1.00      .00     1.00      .00
     1.00    11.00    11.00    14.00
     2.00     2.00      .00      .00
     2.00      .00      .00      .00
     2.00      .00     7.00      .00
     1.00    11.00    43.00     7.00
     1.00     2.00    13.00     5.00
     2.00      .00     2.00     2.00
     1.00      .00     4.00    11.00
     1.00    11.00    11.00    14.00
