190 140                                                                         
80 100                                                                          
80 100                                                                          
75 70                                                                           
50 25                                                                           
40 20                                                                           
30 10                                                                           
20 0                                                                            
20 -10                                                                          
10 -10                                                                          
10 -25                                                                          
10 -25                                                                          
0 -25                                                                           
0 -30                                                                           
-10 -30                                                                         
-25 -30                                                                         
-30 -45                                                                         
-45 -45                                                                         
-60 -45                                                                         
-85 -50                                                                         
NA -50                                                                           
NA -50                                                                           
NA -60                                                                           
NA -75                                                                           
NA -75                                                                           
NA -85                                                                           
NA -85                                                                           
NA -100                                                                          
NA -110                                                                          
NA -130                                                                          
NA -130                                                                          
NA -155                                                                          
NA -155                                                                          
NA -180                                                                          
NA -240                                                                          
NA -290                                                                          

